twa/tws;    6;8;10;12;14;16;20
0;          0;0;0;0;0;0;0
45;         3.33;3.97;4.43;4.84;5.2;5.39;5.51
50;         3.62;4.34;4.88;5.31;5.64;5.85;6
60;         3.89;4.6;5.19;5.61;5.86;6.04;6.21
75;         4.08;4.82;5.46;5.83;6.05;6.21;6.47
90;         4.03;4.79;5.45;5.88;6.14;6.34;6.71
110;        3.75;4.55;5.24;5.77;6.07;6.28;6.68
120;        3.51;4.34;5.02;5.62;5.97;6.2;6.59
135;        3.1;3.94;4.61;5.22;5.71;6.02;6.41
150;        2.71;3.53;4.22;4.81;5.37;5.79;6.25
180;        2.44;3.22;3.92;4.51;5.07;5.57;6.15
